time,1,11,119,129,13,138,155,160,165,167,17,177,181,188,23,3,36,4,5,75,76,all_count,web_online,play_online
Sun Oct 20 22:44:20 2019,514,0,20,161,29,427,204,4808,18,47,987,16,915,133,0,1173,650,4798,1291,366,182,14777,1871860,2635193
Sun Oct 20 22:50:41 2019,529,0,21,162,29,436,207,4950,20,50,1036,17,952,136,0,1208,687,4977,1348,375,194,15293,1834696,2565443
Sun Oct 20 23:00:03 2019,530,0,22,162,30,436,207,4978,22,51,1042,17,967,139,0,1219,694,5013,1358,377,195,15409,1843936,2597098
Sun Oct 20 23:10:03 2019,541,0,22,164,30,440,208,5038,22,53,1064,19,975,142,0,1225,714,5101,1375,378,203,15629,1818553,2560814
Sun Oct 20 23:20:02 2019,546,0,22,164,31,441,210,5073,22,53,1075,19,977,143,0,1235,733,5150,1394,380,204,15772,1851440,2557270
Sun Oct 20 23:30:03 2019,551,0,24,164,31,447,211,5117,22,53,1086,20,980,145,0,1240,740,5197,1407,380,206,15902,1893007,2603966
Sun Oct 20 23:40:03 2019,556,0,22,164,31,452,212,5181,22,55,1102,21,982,147,0,1246,748,5273,1423,383,208,16083,1890184,2604355
Sun Oct 20 23:50:03 2019,560,0,22,166,31,459,213,5238,22,57,1118,21,986,148,0,1253,768,5361,1432,384,212,16278,1887106,2591679
Mon Oct 21 00:00:02 2019,564,0,22,167,31,466,216,5305,22,57,1135,21,1005,149,0,1271,779,5457,1448,391,214,16514,1905769,2628982
Mon Oct 21 00:10:03 2019,576,0,22,173,31,478,224,5406,22,58,1161,23,1018,152,0,1288,795,5584,1485,395,222,16857,1928428,2655730
Mon Oct 21 00:20:03 2019,590,0,22,177,31,485,225,5486,22,58,1175,23,1031,154,0,1314,808,5669,1508,402,222,17118,1963585,2685532
Mon Oct 21 00:30:03 2019,595,0,24,178,32,487,227,5560,22,59,1193,23,1044,154,0,1335,833,5728,1535,408,225,17349,1960957,2705629
Mon Oct 21 00:40:03 2019,607,0,24,182,32,500,230,5665,22,60,1215,24,1052,154,0,1348,848,5812,1553,414,230,17613,2005814,2737643
Mon Oct 21 00:50:03 2019,607,0,24,184,32,512,232,5783,23,62,1230,26,1051,156,0,1367,875,5878,1570,423,238,17870,2012557,2743654
Mon Oct 21 01:00:04 2019,610,0,25,185,32,517,235,5864,23,62,1241,28,1055,161,0,1376,894,5941,1595,437,243,18086,2022021,2790714
Mon Oct 21 01:10:03 2019,631,0,25,190,32,529,245,6029,24,63,1300,32,1111,165,0,1413,932,6129,1619,449,258,18640,2044402,2788501
Mon Oct 21 01:20:03 2019,643,0,25,199,32,539,247,6143,24,65,1319,33,1147,167,0,1428,957,6205,1635,457,264,18950,2052989,2824958
Mon Oct 21 01:30:03 2019,649,0,26,200,34,554,251,6235,26,66,1340,33,1153,169,0,1446,982,6285,1654,468,268,19209,2071572,2849546
Mon Oct 21 01:40:03 2019,667,0,25,201,35,570,259,6374,27,67,1368,34,1159,170,0,1473,1008,6380,1682,484,277,19561,2131243,2926787
Mon Oct 21 01:50:03 2019,678,0,26,205,35,579,261,6482,27,66,1398,35,1167,175,0,1509,1029,6471,1705,494,279,19871,2173711,3014701
Mon Oct 21 02:00:03 2019,693,0,26,209,35,600,267,6617,32,67,1411,37,1188,177,0,1546,1053,6559,1726,510,288,20232,2229742,3040018
Mon Oct 21 02:10:04 2019,708,0,29,213,35,622,276,6800,37,68,1448,39,1274,186,0,1580,1090,6708,1764,519,296,20807,2278945,3095506
Mon Oct 21 02:20:03 2019,720,0,30,219,36,634,280,6937,37,69,1468,40,1307,189,0,1606,1129,6789,1790,530,301,21178,2301275,3172839
Mon Oct 21 02:30:03 2019,733,0,27,221,36,654,290,7122,39,69,1483,43,1335,191,0,1628,1170,6881,1818,546,315,21603,2343243,3208090
Mon Oct 21 02:40:04 2019,749,0,28,227,36,666,294,7262,43,71,1504,44,1379,199,0,1657,1217,7012,1849,556,324,22067,2366187,3228668
Mon Oct 21 02:50:03 2019,769,0,29,235,36,679,299,7431,46,72,1522,45,1406,203,0,1684,1281,7111,1883,566,343,22530,2433432,3338876
Mon Oct 21 03:00:03 2019,778,0,29,241,37,699,308,7609,47,79,1546,45,1455,208,0,1710,1320,7222,1917,581,352,23005,2449756,3358386
Mon Oct 21 03:10:03 2019,807,0,35,251,38,722,326,7849,52,84,1573,50,1514,220,0,1750,1375,7410,1964,605,371,23725,2491994,3462868
Mon Oct 21 03:20:02 2019,826,0,35,255,38,734,341,8071,55,87,1600,61,1547,225,0,1778,1409,7551,2008,627,388,24287,2546919,3528148
Mon Oct 21 03:30:03 2019,839,0,36,264,38,750,355,8279,56,90,1617,91,1581,230,0,1823,1455,7639,2048,650,403,24824,2608172,3613421
Mon Oct 21 03:40:03 2019,865,0,38,275,40,763,365,8480,57,90,1650,138,1656,240,0,1876,1520,7776,2110,663,426,25526,2652628,3677859
Mon Oct 21 03:50:04 2019,886,0,37,281,42,779,378,8704,63,91,1668,193,1699,244,0,1925,1568,7899,2146,678,446,26156,2706077,3726680
Mon Oct 21 04:00:04 2019,900,0,39,288,42,804,385,8916,69,95,1688,274,1749,246,0,1961,1609,8034,2178,695,460,26785,2775877,3791188
Mon Oct 21 04:10:03 2019,914,0,39,303,43,820,403,9152,73,107,1719,276,1785,252,0,2010,1671,8208,2221,716,486,27457,2804095,3892139
Mon Oct 21 04:20:03 2019,938,0,38,321,43,839,417,9393,77,110,1742,274,1820,259,0,2050,1724,8355,2258,736,527,28077,2879900,3932644
Mon Oct 21 04:30:03 2019,960,0,39,335,44,857,437,9603,82,113,1767,275,1845,270,0,2099,1780,8505,2320,758,546,28707,2857432,3936260
Mon Oct 21 04:40:04 2019,981,0,41,343,44,894,460,9887,91,115,1808,277,1865,283,0,2140,1839,8712,2372,779,572,29450,2914400,4027781
Mon Oct 21 04:50:03 2019,992,0,43,347,45,931,475,10147,98,116,1851,279,1880,291,0,2187,1887,8875,2413,801,586,30075,3072349,4179633
Mon Oct 21 05:00:02 2019,1013,0,43,351,45,958,487,10380,112,119,1889,285,1895,307,0,2233,1928,9030,2455,823,595,30683,3225055,4441950
Mon Oct 21 05:10:03 2019,1044,0,49,368,45,982,514,10678,129,121,1977,291,1924,312,0,2311,1989,9312,2522,854,614,31609,3449247,4806521
Mon Oct 21 05:20:03 2019,1087,0,52,380,48,1012,527,10931,132,121,2016,294,2144,325,0,2363,2035,9502,2580,873,628,32521,3743316,5214070
Mon Oct 21 05:30:03 2019,1109,0,56,386,48,1035,544,11150,132,121,2045,295,2187,336,0,2410,2061,9648,2628,892,643,33111,3956993,5592469
Mon Oct 21 05:40:04 2019,1132,0,63,396,48,1061,552,11424,137,125,2081,296,2259,335,0,2452,2102,9838,2675,921,657,33834,4105728,5816664
Mon Oct 21 05:50:03 2019,1153,0,66,406,48,1091,567,11664,137,125,2114,296,2309,346,0,2496,2153,10001,2737,937,673,34504,4158208,5837089
Mon Oct 21 06:00:03 2019,1175,0,67,417,49,1117,575,11926,139,129,2155,295,2356,355,0,2561,2211,10184,2787,957,682,35226,4145824,5851569
Mon Oct 21 06:10:03 2019,1196,0,54,437,49,1150,579,12255,141,133,2198,294,2395,373,0,2606,2259,10376,2853,982,703,36000,4071146,5745236
Mon Oct 21 06:20:02 2019,1218,0,54,439,50,1180,591,12527,144,139,2244,295,2459,380,0,2661,2300,10568,2906,1001,718,36731,3862164,5502628
Mon Oct 21 06:30:03 2019,1232,0,55,441,50,1207,603,12807,154,149,2270,295,2503,388,0,2708,2340,10741,2957,1015,738,37423,3806738,5313421
Mon Oct 21 06:40:02 2019,1249,0,54,449,51,1236,619,13081,158,149,2300,296,2539,395,0,2766,2384,10895,2993,1033,750,38078,3589589,5056900
Mon Oct 21 06:50:02 2019,1275,0,53,456,51,1253,637,13329,162,153,2338,296,2598,398,0,2815,2436,11065,3034,1068,760,38758,3465644,4848785
Mon Oct 21 07:00:03 2019,1293,0,57,466,52,1283,650,13582,167,153,2375,297,2622,407,0,2869,2488,11236,3091,1093,778,39430,3384133,4722939
Mon Oct 21 07:10:03 2019,1312,0,59,474,53,1313,668,13802,175,156,2415,299,2666,412,0,2930,2536,11413,3132,1110,797,40087,3313898,4632913
Mon Oct 21 07:20:04 2019,1333,0,63,477,55,1329,683,14037,180,161,2442,299,2715,421,1,2984,2594,11566,3187,1139,816,40756,3252060,4506450
Mon Oct 21 07:30:03 2019,1347,0,60,485,56,1349,703,14298,184,162,2475,300,2759,430,1,3031,2635,11731,3231,1165,830,41413,3210317,4485327
Mon Oct 21 07:40:03 2019,1370,0,63,495,56,1372,724,14553,185,162,2509,301,2798,435,1,3080,2689,11887,3280,1191,854,42079,3221837,4529011
Mon Oct 21 07:50:03 2019,1390,0,65,513,57,1396,743,14771,189,164,2541,302,2842,449,1,3123,2746,12039,3346,1211,864,42740,3167755,4478655
Mon Oct 21 08:00:03 2019,1403,0,62,527,57,1423,760,15018,193,163,2583,302,2888,462,1,3169,2778,12204,3405,1229,872,43392,3222619,4501840
Mon Oct 21 08:10:03 2019,1421,0,64,536,59,1444,780,15244,194,165,2610,358,2939,470,1,3219,2823,12377,3450,1250,890,44100,3205637,4452166
Mon Oct 21 08:20:03 2019,1446,0,64,548,59,1466,804,15490,195,169,2648,391,2995,480,1,3268,2887,12525,3497,1269,907,44819,3222162,4443969
Mon Oct 21 08:30:03 2019,1470,0,74,560,62,1485,814,15702,197,168,2668,393,3042,484,1,3304,2948,12663,3551,1287,931,45433,3191858,4438786
Mon Oct 21 08:40:02 2019,1491,0,76,577,72,1506,822,15967,198,169,2693,393,3090,493,1,3359,2999,12807,3597,1307,952,46111,3207091,4470392
Mon Oct 21 08:50:03 2019,1481,0,70,585,74,1516,844,16211,203,170,2726,394,3130,504,1,3417,3076,12953,3634,1347,968,46747,3253559,4501449
Mon Oct 21 09:00:02 2019,1495,0,70,592,74,1539,863,16500,205,172,2753,394,3180,514,1,3480,3143,13104,3691,1366,998,47478,3218350,4475174
Mon Oct 21 09:10:04 2019,1512,0,70,604,76,1571,876,16758,210,174,2794,394,3245,520,1,3529,3213,13266,3741,1384,1029,48189,3233040,4497992
Mon Oct 21 09:20:03 2019,1531,0,75,614,79,1601,887,17024,214,177,2829,398,3304,530,1,3579,3291,13408,3810,1406,1056,48922,3269396,4524533
Mon Oct 21 09:30:03 2019,1555,0,72,622,81,1624,912,17269,216,180,2856,406,3359,543,1,3608,3352,13555,3883,1425,1078,49614,3312266,4560374
Mon Oct 21 09:40:03 2019,1574,0,73,627,81,1652,928,17547,218,183,2886,407,3422,553,1,3645,3413,13715,3953,1445,1110,50340,3303429,4637150
Mon Oct 21 09:50:04 2019,1599,0,77,636,82,1688,946,17857,221,186,2918,426,3470,559,1,3696,3489,13903,4025,1471,1133,51173,3380920,4712671
Mon Oct 21 10:00:03 2019,1625,0,75,647,83,1715,958,18165,225,189,2952,448,3544,567,1,3730,3537,14074,4079,1494,1165,51947,3382129,4748449
Mon Oct 21 10:10:04 2019,1647,0,80,659,86,1745,987,18513,233,188,3008,451,3608,577,1,3778,3615,14316,4168,1521,1200,52907,3479258,4861441
Mon Oct 21 10:20:03 2019,1673,0,78,673,87,1775,1004,18817,241,190,3056,451,3695,591,1,3830,3672,14533,4246,1560,1220,53782,3492206,4972838
Mon Oct 21 10:30:02 2019,1698,0,80,675,91,1801,1033,19137,247,192,3098,451,3740,600,1,3870,3743,14715,4314,1582,1243,54587,3548560,5198821
Mon Oct 21 10:40:03 2019,1730,0,85,690,94,1832,1056,19500,254,197,3156,453,3814,609,1,3940,3823,14930,4394,1609,1281,55570,3542994,5372196
Mon Oct 21 10:50:04 2019,1753,0,84,695,94,1880,1088,19840,262,201,3208,457,3885,619,1,3973,3895,15133,4476,1628,1308,56456,3667605,5685414
Mon Oct 21 11:00:03 2019,1778,0,87,706,94,1909,1106,20133,277,203,3253,459,3915,628,1,4023,3966,15349,4549,1644,1320,57274,3762402,5995500
Mon Oct 21 11:10:03 2019,1803,0,88,729,98,1952,1138,20575,282,207,3324,466,3956,643,2,4104,4055,15606,4628,1680,1353,58380,3802033,6269521
Mon Oct 21 11:20:03 2019,1826,0,91,740,99,1975,1167,20893,284,214,3388,503,3978,656,2,4162,4123,15845,4691,1703,1380,59274,3912243,6530730
Mon Oct 21 11:30:03 2019,1849,0,89,743,100,2011,1195,21160,286,200,3425,505,4102,672,2,4200,4164,16045,4752,1726,1407,60064,3990669,6847752
Mon Oct 21 11:40:03 2019,1883,0,90,750,102,2040,1213,21453,286,202,3482,507,4207,681,2,4243,4230,16281,4821,1749,1440,60951,4124200,7088297
Mon Oct 21 11:50:03 2019,1901,0,88,757,104,2072,1227,21767,287,204,3526,509,4292,687,2,4289,4280,16543,4908,1773,1464,61845,4220959,7431239
Mon Oct 21 12:00:03 2019,1926,0,89,759,106,2105,1246,22073,290,207,3573,531,4373,698,2,4372,4328,16749,4988,1810,1483,62737,4332383,7786696
Mon Oct 21 12:10:03 2019,1967,0,91,773,107,2144,1282,22438,290,209,3628,535,4461,711,2,4448,4399,17032,5074,1848,1528,63819,4427718,8093249
Mon Oct 21 12:20:03 2019,1990,0,91,778,108,2175,1298,22737,290,211,3692,535,4541,724,2,4502,4464,17296,5147,1877,1563,64714,4556779,8429635
